9 24 44 50 10
0.05 0.05
0.25 0.05
0.45 0.05
0.05 0.25
0.25 0.25
0.45 0.25
0.05 0.45
0.25 0.45
0.45 0.45
0 1 0.016667 8
1 0 0.016667 8
1 2 0.016667 8
2 1 0.016667 8
2 5 0.016667 8
5 2 0.016667 8
5 8 0.016667 8
8 5 0.016667 8
8 7 0.016667 8
7 8 0.016667 8
7 6 0.016667 8
6 7 0.016667 8
6 3 0.016667 8
3 6 0.016667 8
3 0 0.016667 8
0 3 0.016667 8
1 4 0.016667 8
4 1 0.016667 8
4 7 0.016667 8
7 4 0.016667 8
3 4 0.016667 8
4 3 0.016667 8
4 5 0.016667 8
5 4 0.016667 8
0 14 0 1
0 1 15 1
1 0 2 1
1 0 16 2
1 17 2 2
1 17 1 0
1 3 1 1
1 3 16 0
2 2 4 1
2 5 3 1
3 15 13 1
3 15 20 0
3 12 14 1
3 12 20 2
3 21 13 0
3 21 14 2
4 16 22 0
4 16 18 1
4 16 21 2
4 20 17 0
4 20 22 1
4 20 18 2
4 19 21 0
4 19 17 1
4 19 22 2
4 23 18 0
4 23 21 1
4 23 17 2
5 4 6 1
5 4 23 2
5 7 5 1
5 7 23 0
5 22 5 0
5 22 6 2
6 13 11 1
6 10 12 1
7 11 9 1
7 11 19 0
7 8 10 1
7 8 19 2
7 18 9 0
7 18 10 2
8 9 7 1
8 6 8 1
